n-power=
0
dm_mass=
1
stepsize =
2e-26
fisher matrix =
[[1455874910.2316997, -1367773840.5836992, 29787784.592573408, -3.125358489147522e+16, -141311900.4746901, -3412950.6117560035, 2.355151515781657e+32], [-1367773840.5836992, 1607655770.2551606, -67161871.9063695, 3.887275022332314e+16, 183460041.78996962, 3717681.7421278297, -3.0042540414332003e+32], [29787784.592573408, -67161871.9063695, 10048644.266375456, -2354050715936888.5, -10699828.440151906, 513707.1417250896, 1.6893657297088573e+31], [-3.125358489147522e+16, 3.887275022332314e+16, -2354050715936888.5, 1.1580425349093085e+24, 4925573302349479.0, -552641826613559.9, -7.683588575262557e+39], [-141311900.4746901, 183460041.78996962, -10699828.440151906, 4925573302349479.0, 23111150.42377498, -783051.3293702309, -3.77368003543558e+31], [-3412950.6117560035, 3717681.7421278297, 513707.1417250896, -552641826613559.9, -783051.3293702309, 2421678.467767183, 1.0117804629414744e+29], [2.355151515781657e+32, -3.0042540414332003e+32, 1.6893657297088573e+31, -7.683588575262557e+39, -3.77368003543558e+31, 1.0117804629414744e+29, 6.474483250951495e+55]]
sigma_dmb
from cov matrix =
8.158510968079385e-28
2-sigma =
2.0233107200836875e-27
2-sigma zack's method =
1.2683381951984226e-27