n-power=
0
dm_mass=
1
stepsize =
2e-26
fisher matrix =
[[998780779.5368358, -1233102070.7190638, 69387571.8468297, -3.2046512898036144e+16, -147316036.61120334, 77355.51265412383, 2.3552938502223296e+32], [-1233102070.7190638, 1533558547.92835, -86362262.61074443, 3.9738951696085336e+16, 184784226.26295674, -95148.92558833079, -3.0033603183640634e+32], [69387571.8468297, -86362262.61074443, 4864819.41791863, -2238563425492309.0, -10400963.941902535, 5357.382157662979, 1.6928796304141835e+31], [-3.2046512898036144e+16, 3.9738951696085336e+16, -2238563425492309.0, 1.0330576859505665e+24, 4750230161662265.0, -2485178417785.3, -7.664643191100195e+39], [-147316036.61120334, 184784226.26295674, -10400963.941902535, 4750230161662265.0, 22723177.08740092, -11228.278706027124, -3.7701690398417914e+31], [77355.51265412383, -95148.92558833079, 5357.382157662979, -2485178417785.3, -11228.278706027124, 6.239980455831983, 1.7784487905687872e+28], [2.3552938502223296e+32, -3.0033603183640634e+32, 1.6928796304141835e+31, -7.664643191100195e+39, -3.7701690398417914e+31, 1.7784487905687872e+28, 6.474062058500552e+55]]
sigma_dmb
from cov matrix =
8.07985884677217e-27
2-sigma =
2.003804993999498e-26
2-sigma zack's method =
1.2562177116891983e-26