n-power=
0
dm_mass=
1
stepsize =
2e-26
fisher matrix =
[[2559192480.569448, -1493722576.9767714, -2704627.1847943873, -1.6852825431693716e+16, -101324578.32994375, -66795487.46467638, 2.3154353790847083e+32], [-1493722576.9767714, 1594256277.4449248, -70507584.78707238, 3.677663300029799e+16, 177281611.22988582, 12941852.170954969, -2.9970955271586608e+32], [-2704627.1847943873, -70507584.78707238, 9111670.76838601, -2962573455336590.0, -12384797.555458616, 3191869.806390307, 1.7090861427596478e+31], [-1.6852825431693716e+16, 3.677663300029799e+16, -2962573455336590.0, 1.3222794945055097e+24, 5417880554573997.0, -1275328890676403.5, -7.72859939953682e+39], [-101324578.32994375, 177281611.22988582, -12384797.555458616, 5417880554573997.0, 24518404.043059368, -2949771.779004985, -3.7867132499033833e+31], [-66795487.46467638, 12941852.170954969, 3191869.806390307, -1275328890676403.5, -2949771.779004985, 5601697.743510669, 2.9926769221566317e+29], [2.3154353790847083e+32, -2.9970955271586608e+32, 1.7090861427596478e+31, -7.72859939953682e+39, -3.7867132499033833e+31, 2.9926769221566317e+29, 6.475635077010556e+55]]
sigma_dmb
from cov matrix =
7.758679266561351e-28
2-sigma =
1.924152458107215e-27
2-sigma zack's method =
1.2078886312616448e-27