n-power=
0
dm_mass=
1
stepsize =
2e-26
fisher matrix =
[[3.127340226914177e+30, -4.157580535838973e+30, 2.7360273286678286e+29, -1.6968992247914231e+38, 3.023925669881949e+28, 5.3870857360778674e+26, 6.429108260963611e+52], [-4.157580535838973e+30, 5.918204578684237e+30, -4.026149219823732e+29, 2.5559628722506342e+38, -1.2344666456831037e+29, -8.22832020819251e+26, -8.028832298006378e+52], [2.7360273286678286e+29, -4.026149219823732e+29, 2.7806229503069547e+28, -1.7835225238242378e+37, 1.097841243438886e+28, 5.776077923938566e+25, 5.07843074907653e+51], [-1.6968992247914231e+38, 2.5559628722506342e+38, -1.7835225238242378e+37, 1.1524879981374888e+46, -8.164375482135094e+36, -3.7482169835773757e+34, -3.016616544163984e+60], [3.023925669881949e+28, -1.2344666456831037e+29, 1.097841243438886e+28, -8.164375482135094e+36, 1.9256552118198992e+28, 2.8522627047864337e+25, -1.1805739530297109e+51], [5.3870857360778674e+26, -8.22832020819251e+26, 5.776077923938566e+25, -3.7482169835773757e+34, 2.8522627047864337e+25, 1.2219426032668143e+23, 9.333586756322354e+48], [6.429108260963611e+52, -8.028832298006378e+52, 5.07843074907653e+51, -3.016616544163984e+60, -1.1805739530297109e+51, 9.333586756322354e+48, 1.8713596169487122e+75]]
sigma_dmb
from cov matrix =
3.3309442283499114e-37
2-sigma =
