n-power=
2
dm_mass=
1
stepsize =
2e-20
fisher matrix =
[[20626232.933695782, -23296146.139763452, 1362302.3221920528, -727994369218557.5, -1407077.0477100026, 2101.494828302203, 9.973340326836292e+22], [-23296146.139763452, 26404879.525912665, -1548611.1558730714, 830934300403040.0, 1553880.9374157693, -2405.6259919829013, -1.1088721540984085e+23], [1362302.3221920528, -1548611.1558730714, 91061.47797702387, -49048220057084.09, -88774.34027408343, 142.38212007716695, 6.330178617766467e+21], [-727994369218557.5, 830934300403040.0, -49048220057084.09, 2.658576302419068e+22, 45546894634283.836, -77512334587.4247, -3.2256932298179965e+30], [-1407077.0477100026, 1553880.9374157693, -88774.34027408343, 45546894634283.836, 117962.39629647773, -127.64772603651801, -8.914965333934217e+21], [2101.494828302203, -2405.6259919829013, 142.38212007716695, -77512334587.4247, -127.64772603651801, 0.226669676926945, 9.000686665837288e+18], [9.973340326836292e+22, -1.1088721540984085e+23, 6.330178617766467e+21, -3.2256932298179965e+30, -8.914965333934217e+21, 9.000686665837288e+18, 8.261890464800115e+38]]
sigma_dmb
from cov matrix =
4.513662251733114e-19
2-sigma =
1.1193882384298123e-18
2-sigma zack's method =
