[[ 3.64112228e+09, -1.81268905e+09, -9.24469409e+07,
        -1.55209052e+16, -9.43322665e+07, -7.27023932e+07,
         3.38515970e+47],
       [-1.81268905e+09,  1.75752720e+09, -2.76908721e+07,
         3.56958093e+16,  1.75811675e+08,  1.77073914e+07,
        -4.79755568e+47],
       [-9.24469409e+07, -2.76908721e+07,  2.06397285e+07,
        -3.10201456e+15, -1.27127351e+07,  3.80486005e+06,
         2.93432091e+46],
       [-1.55209052e+16,  3.56958093e+16, -3.10201456e+15,
         1.47747473e+24,  5.62021504e+15, -1.95759886e+15,
        -1.39626580e+55],
       [-9.43322665e+07,  1.75811675e+08, -1.27127351e+07,
         5.62021504e+15,  2.49747845e+07, -3.84462333e+06,
        -6.26768109e+46],
       [-7.27023932e+07,  1.77073914e+07,  3.80486005e+06,
        -1.95759886e+15, -3.84462333e+06,  8.64154560e+06,
         6.06882689e+45],
       [ 3.38515970e+47, -4.79755568e+47,  2.93432091e+46,
        -1.39626580e+55, -6.26768109e+46,  6.06882689e+45,
         1.61671084e+86]]
2sigma=
2.555104969066755e-42