{
 "cells": [
  {
   "cell_type": "code",
   "execution_count": 5,
   "metadata": {},
   "outputs": [],
   "source": [
    "import numpy as np\n",
    "import matplotlib.pyplot as plt\n",
    "import math\n",
    "from numpy.linalg import inv\n",
    "from IPython.display import Image\n",
    "from scipy.special import expit"
   ]
  },
  {
   "cell_type": "code",
   "execution_count": 6,
   "metadata": {},
   "outputs": [],
   "source": [
    "f_sky_planck = 0.6\n",
    "f_sky_overlap = 0.2\n",
    "#f_sky_S4 = 0.4 already in F"
   ]
  },
  {
   "cell_type": "markdown",
   "metadata": {},
   "source": [
    "$$ F_{ij} = \\sum_{\\ell} \\frac{2 \\ell + 1}{2} f_{\\mathrm{sky}} \\mathrm{Tr}\\,\\left( \\mathbf{C}_{\\ell}^{-1} \\frac{\\partial \\mathbf{C}_{\\ell}}{\\partial \\theta_i} \\mathbf{C}_{\\ell}^{-1} \\frac{\\mathbf{C}_{\\ell}}{\\partial \\theta_j} \\right)\n",
    "= \\sum_{\\ell =2-5000}\\frac{2 \\ell + 1}{2} f_{\\mathrm{sky}}\\left(\\mathrm{Tr}X\\right)$$\n",
    "[Wu et al. 2014](https://arxiv.org/abs/1402.4108)\n",
    "\n",
    "Overlap:\n",
    "$$ F_{ij} = \\sum_{\\ell =2-100} \\frac{2 \\ell + 1}{2} f_{\\mathrm{sky planck}}\\left(\\mathrm{Tr}X\\right) + \\sum_{\\ell = 100-2500} \\frac{2 \\ell + 1}{2} f_{\\mathrm{sky overlap}}\\left(\\mathrm{Tr}X\\right) + \\sum_{\\ell = 2500-5000} \\frac{2 \\ell + 1}{2} f_{\\mathrm{sky S4}}\\left(\\mathrm{Tr}X\\right)$$\n",
    "\n",
    "\n",
    "$$ F_{ij} = 0.65F_{\\mathrm{planck: 2-100}} + 0.25F_{\\mathrm{planck:100-2500}} + 0.4F_{\\mathrm{S4: 100-5000}}$$\n"
   ]
  },
  {
   "cell_type": "code",
   "execution_count": 158,
   "metadata": {},
   "outputs": [],
   "source": [
    "F1 =np.array(\n",
    "\n",
    "[[303622.93966647953, -87165.1896750471, 6517.99288167533, 9339237066205.334, -30717.121076970285, -112085.6620441146, 696.4415980383815, 2.564179072610383e+40], [-87165.1896750471, 36841.80145028931, -2066.096861339203, -2839689940550.7207, 10468.122001017966, 21180.213678547112, -380.44274222736345, -1.0631432621900103e+40], [6517.992881675329, -2066.096861339203, 1058.0747241584925, 655973272965.1583, -2963.2311767196024, -3820.916275961374, -23.756373670373847, 1.4344973382282705e+39], [9339237066205.334, -2839689940550.7207, 655973272965.1583, 8.903177238033405e+20, -3699374056251.0933, -2951250762257.605, 2236121923.6661, 1.5543733517956584e+48], [-30717.121076970285, 10468.122001017966, -2963.2311767196024, -3699374056251.0933, 16403.100239396954, 9540.664647880667, 14.423659668020697, -6.192890429855602e+39], [-112085.66204411458, 21180.213678547112, -3820.916275961374, -2951250762257.604, 9540.664647880665, 75357.97803169368, -4.1693290677681425, -6.962755976177795e+39], [696.4415980383815, -380.44274222736345, -23.756373670373847, 2236121923.6660995, 14.423659668020699, -4.169329067768136, 6.310839931027035, 6.845463920072589e+37], [2.5641790726103827e+40, -1.0631432621900103e+40, 1.4344973382282705e+39, 1.5543733517956584e+48, -6.192890429855602e+39, -6.962755976177795e+39, 6.845463920072589e+37, 4.616198446448838e+75]]\n",
    ")\n",
    "\n",
    "\n",
    "\n",
    "\n"
   ]
  },
  {
   "cell_type": "code",
   "execution_count": 159,
   "metadata": {},
   "outputs": [],
   "source": [
    "F2 = np.array(\n",
    "[[266727385.08993393, -62728771.9787627, -18023753.966622382, 677273875052835.8, 2959670.812312807, -2987912.1259623, 1534011.230906083, 3.3253126255745882e+41], [-62728771.9787627, 36621554.01736018, 7910597.499568538, -1298636522696988.8, -1355962.7365792883, 5727155.908151819, -764562.9397305562, 1.9152755994736664e+43], [-18023753.966622382, 7910597.499568539, 1926303.2621505382, -179439117395645.66, -306496.08924375975, 788586.7542380836, -181422.11902159633, 2.2878862393965814e+42], [677273875052835.8, -1298636522696989.0, -179439117395645.66, 1.7647394203248555e+23, 187748631887835.8, -775642369327069.6, 7962952328434.182, -3.963678394288106e+51], [2959670.812312807, -1355962.7365792883, -306496.08924375975, 187748631887835.84, 392869.0894133727, -827031.0001407826, 5852.565646367027, -5.60777612774359e+42], [-2987912.1259623, 5727155.90815182, 788586.7542380836, -775642369327069.6, -827031.0001407824, 3412022.5641067643, -35167.33373441942, 1.7429405331927783e+43], [1534011.230906083, -764562.9397305562, -181422.11902159633, 7962952328434.182, 5852.565646367027, -35167.333734419415, 18987.4093122912, 9.90925201994991e+40], [3.3253126255745356e+41, 1.9152755994736664e+43, 2.2878862393965817e+42, -3.963678394288106e+51, -5.60777612774359e+42, 1.7429405331927785e+43, 9.909252019949911e+40, 1.0587523903065568e+80]]\n",
    "    \n",
    "    \n",
    ")\n",
    "\n",
    "\n",
    "\n"
   ]
  },
  {
   "cell_type": "code",
   "execution_count": 163,
   "metadata": {},
   "outputs": [],
   "source": [
    "F3 = np.array(\n",
    "[[2111929711.5050209, -537873824.3035903, -139686450.4356502, 1.3766442665088914e+16, 43206825.02677474, -60825378.68354836, 10872728.021611849, -3.700963284516501e+44], [-537873824.3035904, 240187902.04352525, 58641570.73280172, -3576787918927850.0, -8151100.156243565, 16075038.625278996, -5704663.298394853, 6.125013554003506e+43], [-139686450.4356502, 58641570.73280172, 14789736.577752022, -761376570999902.0, -1992944.2908065342, 3328885.365302927, -1421581.0034257176, 1.3152661561979912e+43], [1.3766442665088914e+16, -3576787918927850.0, -761376570999902.0, 3.967631421194797e+23, 781085336880290.2, -1732961955731036.5, 20512099488727.66, -1.0656310292343567e+52], [43206825.02677474, -8151100.156243565, -1992944.2908065345, 781085336880290.2, 1970653.7410603343, -3435779.6113742883, 47691.21082750853, -2.3233393787689997e+43], [-60825378.68354835, 16075038.625278996, 3328885.3653029273, -1732961955731036.5, -3435779.6113742883, 7626026.453355367, -93585.55194770434, 4.652172412946822e+43], [10872728.02161185, -5704663.298394853, -1421581.0034257176, 20512099488727.656, 47691.21082750853, -93585.55194770434, 150315.7087865557, 4.7194537299522e+41], [-3.700963284516501e+44, 6.125013554003507e+43, 1.3152661561979914e+43, -1.0656310292343567e+52, -2.3233393787689997e+43, 4.652172412946821e+43, 4.7194537299522e+41, 3.1221647260109104e+80]]\n",
    "\n",
    ")\n",
    "\n",
    "\n"
   ]
  },
  {
   "cell_type": "code",
   "execution_count": 164,
   "metadata": {},
   "outputs": [],
   "source": [
    "F = F1*0.6 + F2*0.2 + F3"
   ]
  },
  {
   "cell_type": "code",
   "execution_count": 165,
   "metadata": {},
   "outputs": [
    {
     "data": {
      "text/plain": [
       "array([[ 2.16545736e+09, -5.50471878e+08, -1.43287290e+08,\n",
       "         1.39075010e+16,  4.37803289e+07, -6.14902125e+07,\n",
       "         1.11799481e+07, -3.70014437e+44],\n",
       "       [-5.50471878e+08,  2.47534318e+08,  6.02224506e+07,\n",
       "        -3.83821904e+15, -8.41601183e+06,  1.72331779e+07,\n",
       "        -5.85780415e+06,  6.50743079e+43],\n",
       "       [-1.43287290e+08,  6.02224506e+07,  1.51756321e+07,\n",
       "        -7.96870811e+14, -2.05602145e+06,  3.48431017e+06,\n",
       "        -1.45787968e+06,  1.36110995e+43],\n",
       "       [ 1.39075010e+16, -3.83821904e+15, -7.96870811e+14,\n",
       "         4.32592121e+23,  8.16415439e+14, -1.88986118e+15,\n",
       "         2.21060316e+13, -1.14481133e+52],\n",
       "       [ 4.37803289e+07, -8.41601183e+06, -2.05602145e+06,\n",
       "         8.16415439e+14,  2.05906942e+06, -3.59546141e+06,\n",
       "         4.88703782e+04, -2.43586647e+43],\n",
       "       [-6.14902125e+07,  1.72331779e+07,  3.48431017e+06,\n",
       "        -1.88986118e+15, -3.59546141e+06,  8.35364575e+06,\n",
       "        -1.00621520e+05,  5.00034275e+43],\n",
       "       [ 1.11799481e+07, -5.85780415e+06, -1.45787968e+06,\n",
       "         2.21060316e+13,  4.88703782e+04, -1.00621520e+05,\n",
       "         1.54116977e+05,  4.91804950e+41],\n",
       "       [-3.70014437e+44,  6.50743079e+43,  1.36110995e+43,\n",
       "        -1.14481133e+52, -2.43586647e+43,  5.00034275e+43,\n",
       "         4.91804950e+41,  3.33394290e+80]])"
      ]
     },
     "execution_count": 165,
     "metadata": {},
     "output_type": "execute_result"
    }
   ],
   "source": [
    "F"
   ]
  },
  {
   "cell_type": "code",
   "execution_count": null,
   "metadata": {},
   "outputs": [],
   "source": []
  },
  {
   "cell_type": "code",
   "execution_count": 12,
   "metadata": {},
   "outputs": [],
   "source": [
    "list_param = ['omega_b','omega_cdm', 'h',  'A_s', 'n_s', 'tau_reio']\n"
   ]
  },
  {
   "cell_type": "code",
   "execution_count": 190,
   "metadata": {},
   "outputs": [
    {
     "name": "stdout",
     "output_type": "stream",
     "text": [
      "omega_b 5.201783087251878e-05\n",
      "omega_cdm 0.0005734275659852024\n",
      "h 0.002216676349615786\n",
      "A_s 1.5832552216960406e-11\n",
      "n_s 0.0022595863938102046\n",
      "tau_reio 0.004252103047481953\n"
     ]
    }
   ],
   "source": [
    "covar = inv(F)\n",
    "for n, i in enumerate(list_param):\n",
    "    sigma_ii = np.sqrt(covar[n][n])\n",
    "    print(i, sigma_ii)"
   ]
  },
  {
   "cell_type": "code",
   "execution_count": null,
   "metadata": {},
   "outputs": [],
   "source": []
  }
 ],
 "metadata": {
  "kernelspec": {
   "display_name": "Python 3",
   "language": "python",
   "name": "python3"
  },
  "language_info": {
   "codemirror_mode": {
    "name": "ipython",
    "version": 3
   },
   "file_extension": ".py",
   "mimetype": "text/x-python",
   "name": "python",
   "nbconvert_exporter": "python",
   "pygments_lexer": "ipython3",
   "version": "3.8.3"
  }
 },
 "nbformat": 4,
 "nbformat_minor": 4
}
