n-power=
0
dm_mass=
1
stepsize =
2e-26
fisher matrix =
[[9606303675.435987, -3404157896.6148186, -275826025.2969762, -6556823949556232.0, -88596492.22415994, -200240020.58162034, 3.719469806709443e+32], [-3404157896.6148186, 2973170459.4845724, -11293396.371961478, 5.796890824536981e+16, 282482726.2836421, 28927625.456023052, -4.875562959159622e+32], [-275826025.2969762, -11293396.371961478, 42946331.94648796, -5194524545917674.0, -21618327.42118946, 6861704.337791232, 2.7621373213240534e+31], [-6556823949556232.0, 5.796890824536981e+16, -5194524545917674.0, 2.2966968697410377e+24, 9176805049752600.0, -2724256278296591.5, -1.2588307545026326e+40], [-88596492.22415994, 282482726.2836421, -21618327.42118946, 9176805049752600.0, 41086160.071123436, -6434681.816527385, -6.162645832513336e+31], [-200240020.58162034, 28927625.456023052, 6861704.337791232, -2724256278296591.5, -6434681.816527385, 11973872.75085281, 6.154954687725109e+29], [3.719469806709443e+32, -4.875562959159622e+32, 2.7621373213240534e+31, -1.2588307545026326e+40, -6.162645832513336e+31, 6.154954687725109e+29, 1.0523853611347451e+56]]
sigma_dmb
from cov matrix =
5.847653265138555e-28
2-sigma =
1.4502180097543618e-27
2-sigma zack's method =
9.101520826944406e-28