n-power=
0
dm_mass=
1
stepsize =
2e-26
fisher matrix =
[[28435816802.21497, -5094689611.805161, -779035713.0085787, 9.872046251779762e+16, 319804790.71328396, -663325031.0831627, 3.2144228967485896e+32], [-5094689611.805161, 2920767288.895053, -19946897.75833388, 4.597637755967421e+16, 235810023.99487025, 81680895.31879239, -4.81355760162545e+32], [-779035713.0085787, -19946897.75833388, 41994150.17612847, -8797544564622854.0, -35275727.03255091, 22711467.20841371, 2.943478411508159e+31], [9.872046251779762e+16, 4.597637755967421e+16, -8797544564622854.0, 2.883841271684731e+24, 1.1529541394243742e+16, -5306876467356919.0, -1.285310596406572e+40], [319804790.71328396, 235810023.99487025, -35275727.03255091, 1.1529541394243742e+16, 50083605.19986419, -16784582.112644028, -6.265765556509149e+31], [-663325031.0831627, 81680895.31879239, 22711467.20841371, -5306876467356919.0, -16784582.112644028, 23333817.16917691, 1.780260840362107e+30], [3.2144228967485896e+32, -4.81355760162545e+32, 2.943478411508159e+31, -1.285310596406572e+40, -6.265765556509149e+31, 1.780260840362107e+30, 1.053601118434959e+56]]
sigma_dmb
from cov matrix =
5.663689872813132e-28
2-sigma =
1.4045950884576565e-27
2-sigma zack's method =
8.808574307877918e-28