n-power=
0
dm_mass=
0.0001
stepsize =
2e-27
fisher matrix =
[[1238861979.0428388, -1376164944.9193726, 76287904.92826001, -3.5709703880460724e+16, -173694714.29478198, 94020.25226026984, 3.864318720126678e+33], [-1376164944.9193726, 1528855603.777291, -84760274.16560088, 3.968174517187822e+16, 192911495.32143754, -104492.60333220847, -4.295127670635015e+33], [76287904.92826001, -84760274.16560088, 4700334.712277647, -2201863769521910.0, -10670435.941136057, 5800.905135985083, 2.3692647106463974e+32], [-3.5709703880460724e+16, 3.968174517187822e+16, -2201863769521910.0, 1.0330576860974628e+24, 4965379253898638.0, -2724958875332.218, -1.0942264306542612e+41], [-173694714.29478198, 192911495.32143754, -10670435.941136057, 4965379253898638.0, 24956295.01978202, -13012.83357624171, -5.7697731342049896e+32], [94020.25226026984, -104492.60333220847, 5800.905135985083, -2724958875332.218, -13012.83357624171, 7.1947864259096885, 2.850509092562525e+29], [3.864318720126678e+33, -4.295127670635015e+33, 2.3692647106463974e+32, -1.0942264306542612e+41, -5.7697731342049896e+32, 2.850509092562525e+29, 1.4520443441854674e+58]]
sigma_dmb
from cov matrix =
2.3620925007856833e-28
2-sigma =
5.857989401948494e-28
2-sigma zack's method =
3.6732139406435573e-28