n-power=
0
dm_mass=
0.01
stepsize =
1.0023744672545445e-26
fisher matrix =
[[1238861979.0428388, -1376164944.9193726, 76287904.92826001, -3.5709703880460724e+16, -173694714.29478198, 94020.25226026984, 1.3408961900077617e+33], [-1376164944.9193726, 1528855603.777291, -84760274.16560088, 3.968174517187822e+16, 192911495.32143754, -104492.60333220847, -1.4902774853838834e+33], [76287904.92826001, -84760274.16560088, 4700334.712277647, -2201863769521910.0, -10670435.941136057, 5800.905135985083, 8.223237260818673e+31], [-3.5709703880460724e+16, 3.968174517187822e+16, -2201863769521910.0, 1.0330576860974628e+24, 4965379253898638.0, -2724958875332.218, -3.801033266995479e+40], [-173694714.29478198, 192911495.32143754, -10670435.941136057, 4965379253898638.0, 24956295.01978202, -13012.83357624171, -1.9934480507588166e+32], [94020.25226026984, -104492.60333220847, 5800.905135985083, -2724958875332.218, -13012.83357624171, 7.1947864259096885, 9.908639500863465e+28], [1.3408961900077617e+33, -1.4902774853838834e+33, 8.223237260818673e+31, -3.801033266995479e+40, -1.9934480507588166e+32, 9.908639500863465e+28, 1.7011665949788737e+57]]
sigma_dmb
from cov matrix =
9.326153915432494e-28
2-sigma =
2.3128861710272587e-27
2-sigma zack's method =
1.4506423642427391e-27