n-power=
0
dm_mass=
1000
stepsize =
5.636765862528908e-26
fisher matrix =
[[1238861979.0428388, -1376164944.9193726, 76287904.92826001, -3.5709703880460724e+16, -173694714.29478198, 94020.25226026984, 7.019230516961905e+29], [-1376164944.9193726, 1528855603.777291, -84760274.16560088, 3.968174517187822e+16, 192911495.32143754, -104492.60333220847, -7.800907462928253e+29], [76287904.92826001, -84760274.16560088, 4700334.712277647, -2201863769521910.0, -10670435.941136057, 5800.905135985083, 4.305328948447866e+28], [-3.5709703880460724e+16, 3.968174517187822e+16, -2201863769521910.0, 1.0330576860974628e+24, 4965379253898638.0, -2724958875332.218, -1.991145896599832e+37], [-173694714.29478198, 192911495.32143754, -10670435.941136057, 4965379253898638.0, 24956295.01978202, -13012.83357624171, -1.0408478593658119e+29], [94020.25226026984, -104492.60333220847, 5800.905135985083, -2724958875332.218, -13012.83357624171, 7.1947864259096885, 5.192829472687404e+25], [7.019230516961905e+29, -7.800907462928253e+29, 4.305328948447866e+28, -1.991145896599832e+37, -1.0408478593658119e+29, 5.192829472687404e+25, 4.599810362622491e+50]]
sigma_dmb
from cov matrix =
1.728012894995635e-24
2-sigma =
4.2854719795891745e-24
2-sigma zack's method =
2.688921759984927e-24