n-power=
0
dm_mass=
1e-05
stepsize =
2e-27
fisher matrix =
[[1238861979.0428388, -1376164944.9193726, 76287904.92826001, -3.5709703880460724e+16, -173694714.29478198, 94020.25226026984, 7.03588701358483e+33], [-1376164944.9193726, 1528855603.777291, -84760274.16560088, 3.968174517187822e+16, 192911495.32143754, -104492.60333220847, -7.819975483517884e+33], [76287904.92826001, -84760274.16560088, 4700334.712277647, -2201863769521910.0, -10670435.941136057, 5800.905135985083, 4.314264794554466e+32], [-3.5709703880460724e+16, 3.968174517187822e+16, -2201863769521910.0, 1.0330576860974628e+24, 4965379253898638.0, -2724958875332.218, -1.993257228777512e+41], [-173694714.29478198, 192911495.32143754, -10670435.941136057, 4965379253898638.0, 24956295.01978202, -13012.83357624171, -1.0483444023482583e+33], [94020.25226026984, -104492.60333220847, 5800.905135985083, -2724958875332.218, -13012.83357624171, 7.1947864259096885, 5.194138245469738e+29], [7.03588701358483e+33, -7.819975483517884e+33, 4.314264794554466e+32, -1.993257228777512e+41, -1.0483444023482583e+33, 5.194138245469738e+29, 4.7441284453267525e+58]]
sigma_dmb
from cov matrix =
1.659280498555774e-28
2-sigma =
4.11501563641832e-28
2-sigma zack's method =
2.580664707158485e-28