n-power=
0
dm_mass=
1
stepsize =
2e-26
fisher matrix =
[[20626232.933695782, -23296146.139763452, 1362302.3221920528, -727994369218557.5, -1407077.0477100026, 2101.494828302203, 1.1211548166764644e+30], [-23296146.139763452, 26404879.525912665, -1548611.1558730714, 830934300403040.0, 1553880.9374157693, -2405.6259919829013, -1.2500262241742802e+30], [1362302.3221920528, -1548611.1558730714, 91061.47797702387, -49048220057084.09, -88774.34027408343, 142.38212007716695, 7.17792836661971e+28], [-727994369218557.5, 830934300403040.0, -49048220057084.09, 2.658576302419068e+22, 45546894634283.836, -77512334587.4247, -3.7024012360327185e+37], [-1407077.0477100026, 1553880.9374157693, -88774.34027408343, 45546894634283.836, 117962.39629647773, -127.64772603651801, -9.39066349137007e+28], [2101.494828302203, -2405.6259919829013, 142.38212007716695, -77512334587.4247, -127.64772603651801, 0.226669676926945, 1.042319388957148e+26], [1.1211548166764644e+30, -1.2500262241742802e+30, 7.17792836661971e+28, -3.7024012360327185e+37, -9.39066349137007e+28, 1.042319388957148e+26, 8.066466368374097e+52]]
sigma_dmb
from cov matrix =
1.4906674007700955e-25
2-sigma =
3.696855153909837e-25
2-sigma zack's method =
2.319712914557765e-25