n-power=
6
dm_mass=
1
stepsize =
8e-07
fisher matrix =
[[1623018766.747357, -2003790864.9184773, 112754804.25109772, -5.207558345930845e+16, -239388559.49320522, 125702.70806295083, 6289975234649.043], [-2003790864.9184773, 2492032640.383573, -140338676.74246007, 6.457579650613875e+16, 300274367.6773057, -154617.00408103754, -8153361232884.747], [112754804.25109772, -140338676.74246007, 7905331.554117791, -3637665566425006.5, -16901566.40559162, 8705.746006202307, 460372542263.7415], [-5.207558345930845e+16, 6.457579650613875e+16, -3637665566425006.5, 1.6787187396696683e+24, 7719124012701188.0, -4038414928901.106, -2.0676325106253162e+20], [-239388559.49320522, 300274367.6773057, -16901566.40559162, 7719124012701188.0, 36925162.76702654, -18245.95289729394, -1040956352294.3561], [125702.70806295083, -154617.00408103754, 8705.746006202307, -4038414928901.106, -18245.95289729394, 10.139968240726963, 471117031.5407786], [6289975234649.043, -8153361232884.747, 460372542263.7415, -2.0676325106253162e+20, -1040956352294.3561, 471117031.5407786, 3.310778098309098e+16]]
sigma_dmb
from cov matrix =
1.9757338775287146e-07
2-sigma =
4.899820016271212e-07
2-sigma zack's method =
