[[ 4.03693516e+10, -7.37886955e+09, -1.40565203e+09,
         1.49294841e+17,  4.83197982e+08, -8.85983843e+08,
         2.28141413e+33],
       [-7.37886955e+09,  3.80509911e+09,  2.17453266e+08,
         3.92820626e+16,  2.18438339e+08,  1.11156120e+08,
        -3.05670463e+33],
       [-1.40565203e+09,  2.17453266e+08,  1.06285191e+08,
        -1.03260709e+16, -3.98203602e+07,  2.94388689e+07,
         1.73944279e+32],
       [ 1.49294841e+17,  3.92820626e+16, -1.03260709e+16,
         3.52563759e+24,  1.29891662e+16, -8.13097527e+15,
        -7.85498266e+40],
       [ 4.83197982e+08,  2.18438339e+08, -3.98203602e+07,
         1.29891662e+16,  5.42173119e+07, -2.32140346e+07,
        -3.88545351e+32],
       [-8.85983843e+08,  1.11156120e+08,  2.94388689e+07,
        -8.13097527e+15, -2.32140346e+07,  3.58044756e+07,
         2.80400546e+30],
       [ 2.28141413e+33, -3.05670463e+33,  1.73944279e+32,
        -7.85498266e+40, -3.88545351e+32,  2.80400546e+30,
         4.25868745e+57]]
2 sigma:
9.357727768467963e-29
