[[ 4.03693349e+10, -7.37886489e+09, -1.40565237e+09,
         1.49294339e+17,  4.83199639e+08, -8.85978160e+08,
         3.60921453e+33],
       [-7.37886489e+09,  3.80509726e+09,  2.17453381e+08,
         3.92822075e+16,  2.18437796e+08,  1.11155049e+08,
        -4.78519598e+33],
       [-1.40565237e+09,  2.17453381e+08,  1.06285137e+08,
        -1.03261035e+16, -3.98202119e+07,  2.94390567e+07,
         2.71128742e+32],
       [ 1.49294339e+17,  3.92822075e+16, -1.03261035e+16,
         3.52559243e+24,  1.29893540e+16, -8.13082609e+15,
        -1.22505638e+41],
       [ 4.83199639e+08,  2.18437796e+08, -3.98202119e+07,
         1.29893540e+16,  5.42164787e+07, -2.32145210e+07,
        -6.07627288e+32],
       [-8.85978160e+08,  1.11155049e+08,  2.94390567e+07,
        -8.13082609e+15, -2.32145210e+07,  3.58007251e+07,
         3.03614672e+30],
       [ 3.60921453e+33, -4.78519598e+33,  2.71128742e+32,
        -1.22505638e+41, -6.07627288e+32,  3.03614672e+30,
         1.05233472e+58]]
2 sigma:
5.714280016870611e-29
