[[ 4.03693349e+10, -7.37886489e+09, -1.40565237e+09,
         1.49294339e+17,  4.83199639e+08, -8.85978160e+08,
         1.28502468e+33],
       [-7.37886489e+09,  3.80509726e+09,  2.17453381e+08,
         3.92822075e+16,  2.18437796e+08,  1.11155049e+08,
        -1.74969980e+33],
       [-1.40565237e+09,  2.17453381e+08,  1.06285137e+08,
        -1.03261035e+16, -3.98202119e+07,  2.94390567e+07,
         1.00345576e+32],
       [ 1.49294339e+17,  3.92822075e+16, -1.03261035e+16,
         3.52559243e+24,  1.29893540e+16, -8.13082609e+15,
        -4.52146207e+40],
       [ 4.83199639e+08,  2.18437796e+08, -3.98202119e+07,
         1.29893540e+16,  5.42164787e+07, -2.32145210e+07,
        -2.23183546e+32],
       [-8.85978160e+08,  1.11155049e+08,  2.94390567e+07,
        -8.13082609e+15, -2.32145210e+07,  3.58007251e+07,
         2.41676404e+30],
       [ 1.28502468e+33, -1.74969980e+33,  1.00345576e+32,
        -4.52146207e+40, -2.23183546e+32,  2.41676404e+30,
         1.39554284e+57]]
2 sigma:
1.6560939412026613e-28
