[[ 4.05394558e+10, -7.41540741e+09, -1.41700374e+09,
         1.49681253e+17,  4.84993755e+08, -8.87645773e+08,
         5.11178151e+31],
       [-7.41540741e+09,  3.82522670e+09,  2.21991945e+08,
         3.85151083e+16,  2.17645688e+08,  1.14535086e+08,
        -7.40361992e+31],
       [-1.41700374e+09,  2.21991945e+08,  1.07460638e+08,
        -1.04340097e+16, -4.00019684e+07,  2.99137346e+07,
         4.36197687e+30],
       [ 1.49681253e+17,  3.85151083e+16, -1.04340097e+16,
         3.63037350e+24,  1.31030355e+16, -8.59189424e+15,
        -1.95188199e+39],
       [ 4.84993755e+08,  2.17645688e+08, -4.00019684e+07,
         1.31030355e+16,  5.44393165e+07, -2.37113098e+07,
        -9.55419369e+30],
       [-8.87645773e+08,  1.14535086e+08,  2.99137346e+07,
        -8.59189424e+15, -2.37113098e+07,  3.77919355e+07,
         2.25863893e+29],
       [ 5.11178151e+31, -7.40361992e+31,  4.36197687e+30,
        -1.95188199e+39, -9.55419369e+30,  2.25863893e+29,
         2.48637603e+54]]
2 sigma:

4.096755374890969e-27