n-power=
0
dm_mass=
1
stepsize =
2e-26
fisher matrix =
[[1623018766.747357, -2003790864.9184773, 112754804.25109772, -5.207558345930845e+16, -239388559.49320522, 125702.70806295083, 3.3939136959125026e+32], [-2003790864.9184773, 2492032640.383573, -140338676.74246007, 6.457579650613875e+16, 300274367.6773057, -154617.00408103754, -4.3349319451003806e+32], [112754804.25109772, -140338676.74246007, 7905331.554117791, -3637665566425006.5, -16901566.40559162, 8705.746006202307, 2.443742104779355e+31], [-5.207558345930845e+16, 6.457579650613875e+16, -3637665566425006.5, 1.6787187396696683e+24, 7719124012701188.0, -4038414928901.106, -1.1054116997036066e+40], [-239388559.49320522, 300274367.6773057, -16901566.40559162, 7719124012701188.0, 36925162.76702654, -18245.95289729394, -5.45326843421235e+31], [125702.70806295083, -154617.00408103754, 8705.746006202307, -4038414928901.106, -18245.95289729394, 10.139968240726963, 2.559960453935989e+28], [3.3939136959125026e+32, -4.3349319451003806e+32, 2.443742104779355e+31, -1.1054116997036066e+40, -5.45326843421235e+31, 2.559960453935989e+28, 8.392273147277768e+55]]
sigma_dmb
from cov matrix =
6.440601565774219e-27
2-sigma =
1.5972691883120064e-26
2-sigma zack's method =
1.0030256637498838e-26