n-power=
-2
dm_mass=
1000
stepsize =
9.486832980505137e-33
fisher matrix =
[[1238861979.0428388, -1376164944.9193726, 76287904.92826001, -3.5709703880460724e+16, -173694714.29478198, 94020.25226026984, 1.0051400382020132e+37], [-1376164944.9193726, 1528855603.777291, -84760274.16560088, 3.968174517187822e+16, 192911495.32143754, -104492.60333220847, -1.1167569835034983e+37], [76287904.92826001, -84760274.16560088, 4700334.712277647, -2201863769521910.0, -10670435.941136057, 5800.905135985083, 6.172210625071366e+35], [-3.5709703880460724e+16, 3.968174517187822e+16, -2201863769521910.0, 1.0330576860974628e+24, 4965379253898638.0, -2724958875332.218, -2.8655506321710188e+44], [-173694714.29478198, 192911495.32143754, -10670435.941136057, 4965379253898638.0, 24956295.01978202, -13012.83357624171, -1.4622153411760666e+36], [94020.25226026984, -104492.60333220847, 5800.905135985083, -2724958875332.218, -13012.83357624171, 7.1947864259096885, 7.496307504619173e+32], [1.0051400382020132e+37, -1.1167569835034983e+37, 6.172210625071366e+35, -2.8655506321710188e+44, -1.4622153411760666e+36, 7.496307504619173e+32, 8.649168530033413e+64]]
sigma_dmb
from cov matrix =
8.73519776860959e-31
2-sigma =
2.1663290466151786e-30
2-sigma zack's method =
1.3589161187509549e-30