n-power=
-2
dm_mass=
1e-05
stepsize =
3e-35
fisher matrix =
[[1238861979.0428388, -1376164944.9193726, 76287904.92826001, -3.5709703880460724e+16, -173694714.29478198, 94020.25226026984, 1.0667672103063979e+40], [-1376164944.9193726, 1528855603.777291, -84760274.16560088, 3.968174517187822e+16, 192911495.32143754, -104492.60333220847, -1.1852260967793176e+40], [76287904.92826001, -84760274.16560088, 4700334.712277647, -2201863769521910.0, -10670435.941136057, 5800.905135985083, 6.55067880144981e+38], [-3.5709703880460724e+16, 3.968174517187822e+16, -2201863769521910.0, 1.0330576860974628e+24, 4965379253898638.0, -2724958875332.218, -3.0413180097311682e+47], [-173694714.29478198, 192911495.32143754, -10670435.941136057, 4965379253898638.0, 24956295.01978202, -13012.83357624171, -1.5517218448615423e+39], [94020.25226026984, -104492.60333220847, 5800.905135985083, -2724958875332.218, -13012.83357624171, 7.1947864259096885, 7.956236123146313e+35], [1.0667672103063979e+40, -1.1852260967793176e+40, 6.55067880144981e+38, -3.0413180097311682e+47, -1.5517218448615423e+39, 7.956236123146313e+35, 9.739162237081154e+70]]
sigma_dmb
from cov matrix =
8.438726994607284e-34
2-sigma =
2.0928042946626063e-33
2-sigma zack's method =
1.31234323822241e-33