n-power=
-2
dm_mass=
1
stepsize =
3e-34
fisher matrix =
[[1238861979.0428388, -1376164944.9193726, 76287904.92826001, -3.5709703880460724e+16, -173694714.29478198, 94020.25226026984, 5.09864393535065e+39], [-1376164944.9193726, 1528855603.777291, -84760274.16560088, 3.968174517187822e+16, 192911495.32143754, -104492.60333220847, -5.664800038258369e+39], [76287904.92826001, -84760274.16560088, 4700334.712277647, -2201863769521910.0, -10670435.941136057, 5800.905135985083, 3.130965932557882e+38], [-3.5709703880460724e+16, 3.968174517187822e+16, -2201863769521910.0, 1.0330576860974628e+24, 4965379253898638.0, -2724958875332.218, -1.4537081763124629e+47], [-173694714.29478198, 192911495.32143754, -10670435.941136057, 4965379253898638.0, 24956295.01978202, -13012.83357624171, -7.414516515430143e+38], [94020.25226026984, -104492.60333220847, 5800.905135985083, -2724958875332.218, -13012.83357624171, 7.1947864259096885, 3.803134329084415e+35], [5.09864393535065e+39, -5.664800038258369e+39, 3.130965932557882e+38, -1.4537081763124629e+47, -7.414516515430143e+38, 3.803134329084415e+35, 2.222778016200794e+70]]
sigma_dmb
from cov matrix =
1.883905937328113e-33
2-sigma =
4.67208672457372e-33
2-sigma zack's method =
2.9348845257643804e-33