n-power=
2
dm_mass=
0.001
stepsize =
5e-23
fisher matrix =
[[1238861979.0428388, -1376164944.9193726, 76287904.92826001, -3.5709703880460724e+16, -173694714.29478198, 94020.25226026984, 7.280689270518813e+28], [-1376164944.9193726, 1528855603.777291, -84760274.16560088, 3.968174517187822e+16, 192911495.32143754, -104492.60333220847, -8.094310329990396e+28], [76287904.92826001, -84760274.16560088, 4700334.712277647, -2201863769521910.0, -10670435.941136057, 5800.905135985083, 4.4606185141865873e+27], [-3.5709703880460724e+16, 3.968174517187822e+16, -2201863769521910.0, 1.0330576860974628e+24, 4965379253898638.0, -2724958875332.218, -2.0549183246077612e+36], [-173694714.29478198, 192911495.32143754, -10670435.941136057, 4965379253898638.0, 24956295.01978202, -13012.83357624171, -1.1017388274460563e+28], [94020.25226026984, -104492.60333220847, 5800.905135985083, -2724958875332.218, -13012.83357624171, 7.1947864259096885, 5.342043873110156e+24], [7.280689270518813e+28, -8.094310329990396e+28, 4.4606185141865873e+27, -2.0549183246077612e+36, -1.1017388274460563e+28, 5.342043873110156e+24, 5.7243482299036884e+48]]
sigma_dmb
from cov matrix =
5.600469748709328e-24
2-sigma =
1.3889164976799132e-23
2-sigma zack's method =
8.719424850127627e-24