F(2-100)=[[334485.04514375055, -93083.57999025434, 6715.9712036695555, 10043852723275.334, -33149.220956813304, -113627.34982576696], [-93083.57999025434, 36880.56154972301, -2298.374935623055, -2899109472759.74, 10869.626844628865, 21420.48651336141], [6715.971203669555, -2298.3749356230546, 1076.8245186263046, 651148736214.1385, -2965.8152275566763, -3754.912191855782], [10043852723275.336, -2899109472759.74, 651148736214.1385, 9.033278172901431e+20, -3754668447964.5586, -2983448973517.81], [-33149.220956813304, 10869.626844628863, -2965.8152275566767, -3754668447964.5586, 16664.921922244517, 9728.330385566049], [-113627.34982576696, 21420.48651336141, -3754.9121918557826, -2983448973517.81, 9728.330385566049, 75008.59643599346]]



F(100-2500)=[[283863048.3441737,-60987685.70305122,-18908529.513296437,654366917357157.4,
2956466.0141510237,-2890591.9139806028],[-60987685.70305122, 33587626.0273456,
  7560835.676602185,  -1281673540003049.5,
  -1309672.3203025667, 5655989.91794108],[-18908529.513296437,
  7560835.676602184,  1959811.7013769369,  -179031814578702.12,
  -305668.7189186611, 786659.2760041342],[654366917357157.5, -1281673540003049.2,
  -179031814578702.12, 1.7553850193942743e+23, 185714629181711.6, -771427374589657.1],[2956466.0141510237, -1309672.3203025667, -305668.7189186611,185714629181711.6, 388061.62767615455, -818250.2688076912],[-2890591.913980602, 5655989.91794108, 786659.2760041342, -771427374589657.1, -818250.2688076912, 3393664.7367866463]]

F(SO f_sky=0.4)=[[2168156692.155396, -516727858.0444131, -142981843.47297305, 1.3625054295603488e+16, 42693255.86222988, -60279198.349559456], [-516727858.0444131, 211961270.6668302, 54836785.68499294, -3372339847767200.0, -7509158.322421086, 15236003.361367159], [-142981843.47297305, 54836785.68499295, 14780601.804397909, -741276919656953.6, -1920711.4470017962, 3237356.668483185], [1.3625054295603488e+16, -3372339847767199.0, -741276919656953.6, 3.941344727931263e+23, 771450083285607.0, -1719505693877003.2], [42693255.86222988, -7509158.322421086, -1920711.4470017962, 771450083285607.0, 1940560.6961288196, -3391478.937813654], [-60279198.349559456, 15236003.361367159, 3237356.668483185, -1719505693877003.2, -3391478.9378136536, 7567669.4099619305]]


F+F+F =
[[ 2.22512999e+09, -5.28981245e+08, -1.46759520e+08,
         1.37619540e+16,  4.32646595e+07, -6.09254931e+07],
       [-5.28981245e+08,  2.18700924e+08,  5.63475738e+07,
        -3.63041402e+15, -7.76457101e+06,  1.63800536e+07],
       [-1.46759520e+08,  5.63475738e+07,  1.51732102e+07,
        -7.76692593e+14, -1.98362468e+06,  3.39243558e+06],
       [ 1.37619540e+16, -3.63041402e+15, -7.76692593e+14,
         4.29784170e+23,  8.06340208e+14, -1.87558124e+15],
       [ 4.32646595e+07, -7.76457101e+06, -1.98362468e+06,
         8.06340208e+14,  2.02817197e+06, -3.54929199e+06],
       [-6.09254931e+07,  1.63800536e+07,  3.39243558e+06,
        -1.87558124e+15, -3.54929199e+06,  8.29140752e+06]]