n-power=
-4
dm_mass=
0.01
stepsize =
1.6e-42
fisher matrix =
[[1238861979.0428388, -1376164944.9193726, 76287904.92826001, -3.5709703880460724e+16, -173694714.29478198, 94020.25226026984, 4.39987456688318e+47], [-1376164944.9193726, 1528855603.777291, -84760274.16560088, 3.968174517187822e+16, 192911495.32143754, -104492.60333220847, -4.887292103446989e+47], [76287904.92826001, -84760274.16560088, 4700334.712277647, -2201863769521910.0, -10670435.941136057, 5800.905135985083, 2.7054897235286416e+46], [-3.5709703880460724e+16, 3.968174517187822e+16, -2201863769521910.0, 1.0330576860974628e+24, 4965379253898638.0, -2724958875332.218, -1.2615685363155352e+55], [-173694714.29478198, 192911495.32143754, -10670435.941136057, 4965379253898638.0, 24956295.01978202, -13012.83357624171, -6.268282538835352e+46], [94020.25226026984, -104492.60333220847, 5800.905135985083, -2724958875332.218, -13012.83357624171, 7.1947864259096885, 3.311661293423879e+43], [4.39987456688318e+47, -4.887292103446989e+47, 2.7054897235286416e+46, -1.2615685363155352e+55, -6.268282538835352e+46, 3.311661293423879e+43, 1.579359445342747e+86]]
sigma_dmb
from cov matrix =
1.6166645682147982e-41
2-sigma =
4.0093281291726994e-41
2-sigma zack's method =
2.5168067725727714e-41