n-power=
-4
dm_mass=
10
stepsize =
8e-42
fisher matrix =
[[6.8360883983748095e+34, -7.593731483784197e+34, 4.2095961508464366e+33, -1.9704752953166128e+42, -9.584541631075304e+33, 5.188073967945975e+30, 2.120247673334726e+72], [-7.593731483784197e+34, 8.436284455071516e+34, -4.6771047675131593e+33, 2.1896540728071148e+42, 1.0644931052204855e+34, -5.765942314308795e+30, -2.3551290992161796e+72], [4.2095961508464366e+33, -4.6771047675131593e+33, 2.5936629043023344e+32, -1.214996959093643e+41, -5.887987890956947e+32, 3.200961837818858e+29, 1.3037368259013062e+71], [-1.9704752953166128e+42, 2.1896540728071148e+42, -1.214996959093643e+41, 5.700452335518117e+49, 2.739915510841109e+41, -1.503642888097624e+38, -6.079226527616556e+79], [-9.584541631075304e+33, 1.0644931052204855e+34, -5.887987890956947e+32, 2.739915510841109e+41, 1.377098027304039e+33, -7.180531719028863e+29, -3.020811221782449e+71], [5.188073967945975e+30, -5.765942314308795e+30, 3.200961837818858e+29, -1.503642888097624e+38, -7.180531719028863e+29, 3.970079757687197e+26, 1.5957992919814435e+68], [2.120247673334726e+72, -2.3551290992161796e+72, 1.3037368259013062e+71, -6.079226527616556e+79, -3.020811221782449e+71, 1.5957992919814435e+68, 6.647018398355052e+109]]
sigma_dmb
from cov matrix =
2.6699620110537605e-53
2-sigma =
6.621505787413326e-53
2-sigma zack's method =
