n-power=
-4
dm_mass=
1e-05
stepsize =
3e-43
fisher matrix =
[[1238861979.0428388, -1376164944.9193726, 76287904.92826001, -3.5709703880460724e+16, -173694714.29478198, 94020.25226026984, 4.479912370675626e+47], [-1376164944.9193726, 1528855603.777291, -84760274.16560088, 3.968174517187822e+16, 192911495.32143754, -104492.60333220847, -4.976198699791689e+47], [76287904.92826001, -84760274.16560088, 4700334.712277647, -2201863769521910.0, -10670435.941136057, 5800.905135985083, 2.7546882688891596e+46], [-3.5709703880460724e+16, 3.968174517187822e+16, -2201863769521910.0, 1.0330576860974628e+24, 4965379253898638.0, -2724958875332.218, -1.2844866000415415e+55], [-173694714.29478198, 192911495.32143754, -10670435.941136057, 4965379253898638.0, 24956295.01978202, -13012.83357624171, -6.382821190073746e+46], [94020.25226026984, -104492.60333220847, 5800.905135985083, -2724958875332.218, -13012.83357624171, 7.1947864259096885, 3.3717744617647776e+43], [4.479912370675626e+47, -4.976198699791689e+47, 2.7546882688891596e+46, -1.2844866000415415e+55, -6.382821190073746e+46, 3.3717744617647776e+43, 1.6375152880832344e+86]]
sigma_dmb
from cov matrix =
1.5814083441064258e-41
2-sigma =
3.9218926933839357e-41
2-sigma zack's method =
2.460106214388586e-41