n-power=
-4
dm_mass=
1
stepsize =
1e-41
fisher matrix =
[[268276515.02335012, -298083989.8231221, 16776477.254340677, -8287767534361501.0, -28573137.3300048, 22575.422031326692, 3.892412501946947e+46], [-298083989.8231221, 331367766.60086936, -18658475.92428191, 9224337371681780.0, 31681259.089368854, -25141.854760417136, -4.32147841986262e+46], [16776477.254340677, -18658475.92428191, 1051342.0844627612, -520419817514141.2, -1774367.385796186, 1419.9137172513501, 2.4254272932383123e+45], [-8287767534361501.0, 9224337371681780.0, -520419817514141.2, 2.582642976676581e+23, 867693009503408.0, -706075158797.9469, -1.190872143466193e+54], [-28573137.3300048, 31681259.089368854, -1774367.385796186, 867693009503408.0, 3173398.166653528, -2344.158012226903, -4.25888517320481e+45], [22575.422031326692, -25141.854760417136, 1419.9137172513501, -706075158797.9469, -2344.158012226903, 1.9335415289985187, 3.2279716511318623e+42], [3.892412501946947e+46, -4.32147841986262e+46, 2.4254272932383123e+45, -1.190872143466193e+54, -4.25888517320481e+45, 3.2279716511318623e+42, 5.750988717856696e+84]]
sigma_dmb
from cov matrix =
4.07962054076665e-41
2-sigma =
1.0117458941101291e-40
2-sigma zack's method =
6.348037100447937e-41